date_time: 06/08/2023 23:03, response_time: 0.368429, up_time: 100%
date_time: 06/08/2023 23:07, response_time: 0.388795, up_time: 100%
date_time: 06/08/2023 23:09, response_time: 0.267643, up_time: 100%
date_time: 06/08/2023 23:12, response_time: 0.596226, up_time: 100%
