date_time: 06/08/2023 23:09, response_time: 0.083425, up_time: 100%
date_time: 06/08/2023 23:12, response_time: 0.102195, up_time: 100%
