date_time: 06/08/2023 23:09, response_time: 0.766829, up_time: 100%
date_time: 06/08/2023 23:12, response_time: 1.557892, up_time: 100%
date_time: 06/08/2023 23:35, response_time: 1.084332, up_time: 100%
